{
 "cells": [
  {
   "cell_type": "code",
   "execution_count": 1,
   "metadata": {},
   "outputs": [],
   "source": [
    "import sys\n",
    "import pyccl as ccl\n",
    "import pickle\n",
    "import camb\n",
    "sys.path.insert(0,'./')\n",
    "# from importlib import reload"
   ]
  },
  {
   "cell_type": "code",
   "execution_count": 2,
   "metadata": {},
   "outputs": [],
   "source": [
    "from distributed import LocalCluster\n",
    "from dask.distributed import Client  # we already had this above\n",
    "#http://distributed.readthedocs.io/en/latest/_modules/distributed/worker.html\n",
    "c=LocalCluster(n_workers=1,processes=False,memory_limit='25gb',threads_per_worker=14,memory_spill_fraction=.99,\n",
    "               memory_monitor_interval='2000ms')\n",
    "client=Client(c)"
   ]
  },
  {
   "cell_type": "code",
   "execution_count": 3,
   "metadata": {},
   "outputs": [],
   "source": [
    "from skylens import *\n",
    "from survey_utils import *"
   ]
  },
  {
   "cell_type": "code",
   "execution_count": 4,
   "metadata": {},
   "outputs": [],
   "source": [
    "#only for python3\n",
    "import importlib\n",
    "reload=importlib.reload"
   ]
  },
  {
   "cell_type": "code",
   "execution_count": 5,
   "metadata": {},
   "outputs": [
    {
     "name": "stdout",
     "output_type": "stream",
     "text": [
      "ns0:  27.0\n"
     ]
    }
   ],
   "source": [
    "zs=lsst_source_tomo_bins()\n",
    "corr_ll=('shear', 'shear')"
   ]
  },
  {
   "cell_type": "code",
   "execution_count": 6,
   "metadata": {},
   "outputs": [],
   "source": [
    "wigner_files={}\n",
    "wigner_files[0]= '/Users/Deep/dask_temp/dask_wig3j_l3500_w2100_0_reorder.zarr'\n",
    "wigner_files[2]= '/Users/Deep/dask_temp/dask_wig3j_l3500_w2100_2_reorder.zarr'\n",
    "\n"
   ]
  },
  {
   "cell_type": "markdown",
   "metadata": {},
   "source": [
    "# Power Spectrum covariance"
   ]
  },
  {
   "cell_type": "code",
   "execution_count": 7,
   "metadata": {},
   "outputs": [],
   "source": [
    "#setup parameters\n",
    "lmax_cl=200\n",
    "lmin_cl=2\n",
    "l0=np.arange(lmin_cl,lmax_cl)\n",
    "\n",
    "lmin_cl_Bins=lmin_cl+10\n",
    "lmax_cl_Bins=lmax_cl-10\n",
    "Nl_bins=20\n",
    "l_bins=np.int64(np.logspace(np.log10(lmin_cl_Bins),np.log10(lmax_cl_Bins),Nl_bins))\n",
    "lb=np.sqrt(l_bins[1:]*l_bins[:-1])\n",
    "\n",
    "l=np.unique(np.int64(np.logspace(np.log10(lmin_cl),np.log10(lmax_cl),Nl_bins*20))) #if we want to use fewer ell\n",
    "\n",
    "do_cov=True\n",
    "bin_cl=True\n",
    "\n",
    "SSV_cov=True\n",
    "tidal_SSV_cov=False\n",
    "Tri_cov=True\n",
    "\n",
    "bin_xi=True\n",
    "theta_bins=np.logspace(np.log10(1./60),1,20)"
   ]
  },
  {
   "cell_type": "markdown",
   "metadata": {},
   "source": [
    "##  Test with 1 redshift bin"
   ]
  },
  {
   "cell_type": "code",
   "execution_count": 8,
   "metadata": {},
   "outputs": [],
   "source": [
    "store_win=True\n",
    "window_lmax=200"
   ]
  },
  {
   "cell_type": "code",
   "execution_count": 9,
   "metadata": {},
   "outputs": [],
   "source": [
    "use_window=True\n",
    "do_cov=True"
   ]
  },
  {
   "cell_type": "code",
   "execution_count": 10,
   "metadata": {
    "scrolled": true
   },
   "outputs": [
    {
     "name": "stdout",
     "output_type": "stream",
     "text": [
      "indxs:  None None\n",
      "Win gen: step size 2137\n",
      "Window done\n"
     ]
    },
    {
     "name": "stderr",
     "output_type": "stream",
     "text": [
      "./cov_utils.py:58: RuntimeWarning: invalid value encountered in true_divide\n",
      "  Win0=2*jn(1,l_th)/l_th\n",
      "./angular_power_spectra.py:26: RuntimeWarning: divide by zero encountered in true_divide\n",
      "  self.cl_f=(l+0.5)**2/(l*(l+1.)) # cl correction from Kilbinger+ 2017\n"
     ]
    },
    {
     "name": "stdout",
     "output_type": "stream",
     "text": [
      "cl dict done dict_keys([('galaxy', 'galaxy')])\n"
     ]
    },
    {
     "name": "stderr",
     "output_type": "stream",
     "text": [
      "/Users/Deep/anaconda/envs/py36/lib/python3.6/site-packages/healpy/sphtfunc.py:401: FutureChangeWarning: The order of the input cl's will change in a future release.\n",
      "Use new=True keyword to start using the new order.\n",
      "See documentation of healpy.synalm.\n",
      "  category=FutureChangeWarning,\n"
     ]
    },
    {
     "name": "stdout",
     "output_type": "stream",
     "text": [
      "Sigma is 0.000000 arcmin (0.000000 rad) \n",
      "-> fwhm is 0.000000 arcmin\n"
     ]
    }
   ],
   "source": [
    "z0=1 #1087\n",
    "zs_bin1=source_tomo_bins(zp=[z0],p_zp=np.array([1]),ns=30,use_window=use_window,nside=1024)"
   ]
  },
  {
   "cell_type": "code",
   "execution_count": 11,
   "metadata": {},
   "outputs": [],
   "source": [
    "use_binned_l=False"
   ]
  },
  {
   "cell_type": "code",
   "execution_count": 12,
   "metadata": {},
   "outputs": [],
   "source": [
    "a={'a':1,'b':2}"
   ]
  },
  {
   "cell_type": "code",
   "execution_count": 13,
   "metadata": {},
   "outputs": [],
   "source": [
    "kk=list(a.keys())\n",
    "ii=len(kk)"
   ]
  },
  {
   "cell_type": "code",
   "execution_count": 14,
   "metadata": {},
   "outputs": [
    {
     "data": {
      "text/plain": [
       "[('a', 'a'), ('a', 'b'), ('b', 'b')]"
      ]
     },
     "execution_count": 14,
     "metadata": {},
     "output_type": "execute_result"
    }
   ],
   "source": [
    "[(kk[i],kk[j]) for i in np.arange(ii) for j in np.arange(i,ii)]"
   ]
  },
  {
   "cell_type": "code",
   "execution_count": 15,
   "metadata": {},
   "outputs": [],
   "source": [
    "import skylens\n",
    "reload(skylens)\n",
    "from skylens import *"
   ]
  },
  {
   "cell_type": "code",
   "execution_count": 16,
   "metadata": {},
   "outputs": [],
   "source": [
    "store_win=True"
   ]
  },
  {
   "cell_type": "code",
   "execution_count": 17,
   "metadata": {},
   "outputs": [
    {
     "name": "stdout",
     "output_type": "stream",
     "text": [
      "indxs:  None None\n",
      "Win gen: step size 199\n",
      "wigner_files: {0: '/Users/Deep/dask_temp/dask_wig3j_l3500_w2100_0_reorder.zarr', 2: '/Users/Deep/dask_temp/dask_wig3j_l3500_w2100_2_reorder.zarr'}\n",
      "wigner done dict_keys([0, 2])\n",
      "setting windows <Client: 'inproc://192.168.86.48/62831/1' processes=1 threads=14, memory=25.00 GB>\n",
      "got window cls, now to coupling matrices.\n",
      "done coupling submatrix  0 4.028526067733765 3.0625529289245605 0.9659719467163086\n",
      "Window done\n"
     ]
    }
   ],
   "source": [
    "#use all ell\n",
    "kappa0=Skylens(zs_bins=zs_bin1,do_cov=do_cov,bin_cl=bin_cl,l_bins=l_bins,l=l0, zg_bins=None,\n",
    "                                       use_window=use_window,Tri_cov=Tri_cov,\n",
    "                                       use_binned_l=use_binned_l,wigner_files=wigner_files,\n",
    "                                       SSV_cov=SSV_cov,tidal_SSV_cov=tidal_SSV_cov,f_sky=0.35,\n",
    "                                       store_win=store_win,window_lmax=window_lmax\n",
    "                                       )"
   ]
  },
  {
   "cell_type": "code",
   "execution_count": 18,
   "metadata": {},
   "outputs": [
    {
     "data": {
      "image/png": "iVBORw0KGgoAAAANSUhEUgAAALMAAAA7CAYAAAAw97tGAAAABmJLR0QA/wD/AP+gvaeTAAABLklEQVR4nO3WQY6CQBCG0XbCGfGMDffAOYj3qNkbUGeCMv55L+kNJlJUvkWfqqoafL756+gJYC9iJoaYiTHcPrher21ZliNm+SjjOL7kf+3/Oav7rxu992qtOQ/Oq9j/n/c/bV4zqspZOb33rZXt6ujv/K/n3v7dmYkhZmKImRhiJoaYiSFmYoiZGGImhpiJIWZiiJkYYiaGmIkhZmKImRhiJoaYiSFmYoiZGGImhpiJIWZiiJkYYiaGmIkhZmKImRhiJoaYiSFmYoiZGGImhpiJIWZiiJkYYiaGmIkhZmKImRhiJoaYiSFmYoiZGGImhpiJMWz9ME3TO+f4GJfL5S3vsf919/a/GfP5fH7JMDzH/n/vVFV19BCwg9mdmRhiJoaYiTG01uajh4AdfP8AeQ/a7SrLTnUAAAAASUVORK5CYII=\n",
      "text/plain": [
       "<IPython.core.display.Image object>"
      ]
     },
     "execution_count": 18,
     "metadata": {},
     "output_type": "execute_result"
    }
   ],
   "source": [
    "dask.visualize(kappa0.Win.Win)"
   ]
  },
  {
   "cell_type": "code",
   "execution_count": 19,
   "metadata": {},
   "outputs": [
    {
     "name": "stdout",
     "output_type": "stream",
     "text": [
      "cl dict done dict_keys([('shear', 'shear')])\n",
      "CPU times: user 21.6 s, sys: 4.77 s, total: 26.4 s\n",
      "Wall time: 22.5 s\n"
     ]
    }
   ],
   "source": [
    "%time cl0G=kappa0.cl_tomo() "
   ]
  },
  {
   "cell_type": "code",
   "execution_count": 20,
   "metadata": {},
   "outputs": [
    {
     "data": {
      "text/plain": [
       "(198,)"
      ]
     },
     "execution_count": 20,
     "metadata": {},
     "output_type": "execute_result"
    }
   ],
   "source": [
    "kappa0.l.shape"
   ]
  },
  {
   "cell_type": "code",
   "execution_count": 21,
   "metadata": {},
   "outputs": [
    {
     "name": "stdout",
     "output_type": "stream",
     "text": [
      "CPU times: user 55.5 ms, sys: 97.8 ms, total: 153 ms\n",
      "Wall time: 47.1 ms\n"
     ]
    }
   ],
   "source": [
    "%time cl0=cl0G['stack'].compute()"
   ]
  },
  {
   "cell_type": "code",
   "execution_count": 22,
   "metadata": {},
   "outputs": [
    {
     "data": {
      "text/plain": [
       "{'cov': array([[1.85895635e-17, 4.45544971e-18, 3.79831699e-19, 8.97048876e-20,\n",
       "         4.19797269e-20, 2.49447502e-20, 1.31687783e-20, 9.32136083e-21,\n",
       "         6.92053753e-21, 5.31610601e-21, 4.23110644e-21, 3.39333092e-21,\n",
       "         2.75142167e-21, 2.25097551e-21, 1.85936344e-21, 1.54058397e-21,\n",
       "         1.28185064e-21, 1.06707274e-21, 8.89413466e-22],\n",
       "        [4.45544971e-18, 9.90288571e-18, 2.26145521e-18, 2.00128149e-19,\n",
       "         6.22363952e-20, 2.76660047e-20, 1.42796839e-20, 9.29959366e-21,\n",
       "         6.49148421e-21, 5.01958779e-21, 3.91077914e-21, 3.13803421e-21,\n",
       "         2.53505735e-21, 2.06722466e-21, 1.70190999e-21, 1.40804276e-21,\n",
       "         1.16805881e-21, 9.70932611e-22, 8.07275553e-22],\n",
       "        [3.79831699e-19, 2.26145521e-18, 9.66261963e-18, 1.75032447e-18,\n",
       "         1.39271095e-19, 4.04053621e-20, 1.61539909e-20, 9.27326451e-21,\n",
       "         6.29050610e-21, 4.59988250e-21, 3.58898480e-21, 2.85679479e-21,\n",
       "         2.30500832e-21, 1.87119183e-21, 1.53485625e-21, 1.26607740e-21,\n",
       "         1.04859085e-21, 8.70108641e-22, 7.20513830e-22],\n",
       "        [8.97048876e-20, 2.00128149e-19, 1.75032447e-18, 5.99414539e-18,\n",
       "         9.59679303e-19, 7.92673926e-20, 2.06811609e-20, 9.86048650e-21,\n",
       "         6.30530692e-21, 4.30154966e-21, 3.32006084e-21, 2.61212298e-21,\n",
       "         2.10201189e-21, 1.70215628e-21, 1.39030382e-21, 1.14472283e-21,\n",
       "         9.46903920e-22, 7.83996996e-22, 6.46614325e-22],\n",
       "        [4.19797269e-20, 6.22363952e-20, 1.39271095e-19, 9.59679303e-19,\n",
       "         4.50761510e-18, 5.66948430e-19, 3.54978277e-20, 1.18683698e-20,\n",
       "         6.42750121e-21, 4.11761468e-21, 3.05226259e-21, 2.36660546e-21,\n",
       "         1.89036839e-21, 1.53260055e-21, 1.24286958e-21, 1.02301426e-21,\n",
       "         8.43312308e-22, 6.96982794e-22, 5.72729447e-22],\n",
       "        [2.49447502e-20, 2.76660047e-20, 4.04053621e-20, 7.92673926e-20,\n",
       "         5.66948430e-19, 2.67189274e-18, 2.66471313e-19, 1.88036470e-20,\n",
       "         7.11375882e-21, 4.13118112e-21, 2.78376695e-21, 2.13735383e-21,\n",
       "         1.68836329e-21, 1.36668578e-21, 1.10176272e-21, 9.03744320e-22,\n",
       "         7.44364647e-22, 6.13390821e-22, 5.01898298e-22],\n",
       "        [1.31687783e-20, 1.42796839e-20, 1.61539909e-20, 2.06811609e-20,\n",
       "         3.54978277e-20, 2.66471313e-19, 1.54076000e-18, 1.50881570e-19,\n",
       "         1.15065404e-20, 4.50413990e-21, 2.64902861e-21, 1.91743323e-21,\n",
       "         1.48362064e-21, 1.19319133e-21, 9.58735817e-22, 7.81706004e-22,\n",
       "         6.43510157e-22, 5.28767376e-22, 4.30044912e-22],\n",
       "        [9.32136083e-21, 9.29959366e-21, 9.27326451e-21, 9.86048650e-21,\n",
       "         1.18683698e-20, 1.88036470e-20, 1.50881570e-19, 1.04250627e-18,\n",
       "         8.82415194e-20, 6.47077830e-21, 2.76668466e-21, 1.75017039e-21,\n",
       "         1.31690569e-21, 1.04159961e-21, 8.35626741e-22, 6.77326280e-22,\n",
       "         5.55641288e-22, 4.55774132e-22, 3.68486573e-22],\n",
       "        [6.92053753e-21, 6.49148421e-21, 6.29050610e-21, 6.30530692e-21,\n",
       "         6.42750121e-21, 7.11375882e-21, 1.15065404e-20, 8.82415194e-20,\n",
       "         6.07713404e-19, 4.46583445e-20, 3.55585937e-21, 1.74185327e-21,\n",
       "         1.18538180e-21, 9.14607996e-22, 7.31419160e-22, 5.87600577e-22,\n",
       "         4.80892529e-22, 3.92697676e-22, 3.16858899e-22],\n",
       "        [5.31610601e-21, 5.01958779e-21, 4.59988250e-21, 4.30154966e-21,\n",
       "         4.11761468e-21, 4.13118112e-21, 4.50413990e-21, 6.47077830e-21,\n",
       "         4.46583445e-20, 3.50675777e-19, 2.31251145e-20, 2.11061296e-21,\n",
       "         1.11889348e-21, 8.10855007e-22, 6.35122984e-22, 5.08418226e-22,\n",
       "         4.13208022e-22, 3.34960399e-22, 2.71107137e-22],\n",
       "        [4.23110644e-21, 3.91077914e-21, 3.58898480e-21, 3.32006084e-21,\n",
       "         3.05226259e-21, 2.78376695e-21, 2.64902861e-21, 2.76668466e-21,\n",
       "         3.55585937e-21, 2.31251145e-20, 2.02558034e-19, 1.22614341e-20,\n",
       "         1.25819868e-21, 7.37337032e-22, 5.54403579e-22, 4.40355587e-22,\n",
       "         3.54307645e-22, 2.84629116e-22, 2.31290345e-22],\n",
       "        [3.39333092e-21, 3.13803421e-21, 2.85679479e-21, 2.61212298e-21,\n",
       "         2.36660546e-21, 2.13735383e-21, 1.91743323e-21, 1.75017039e-21,\n",
       "         1.74185327e-21, 2.11061296e-21, 1.22614341e-20, 1.17917426e-19,\n",
       "         6.15511868e-21, 7.65027036e-22, 4.95166794e-22, 3.82640698e-22,\n",
       "         3.04030206e-22, 2.42659481e-22, 1.97413843e-22],\n",
       "        [2.75142167e-21, 2.53505735e-21, 2.30500832e-21, 2.10201189e-21,\n",
       "         1.89036839e-21, 1.68836329e-21, 1.48362064e-21, 1.31690569e-21,\n",
       "         1.18538180e-21, 1.11889348e-21, 1.25819868e-21, 6.15511868e-21,\n",
       "         6.25492390e-20, 3.14617412e-21, 4.82838485e-22, 3.34973913e-22,\n",
       "         2.59568828e-22, 2.06934801e-22, 1.67726003e-22],\n",
       "        [2.25097551e-21, 2.06722466e-21, 1.87119183e-21, 1.70215628e-21,\n",
       "         1.53260055e-21, 1.36668578e-21, 1.19319133e-21, 1.04159961e-21,\n",
       "         9.14607996e-22, 8.10855007e-22, 7.37337032e-22, 7.65027036e-22,\n",
       "         3.14617412e-21, 3.62293597e-20, 1.59367192e-21, 3.08534707e-22,\n",
       "         2.24027004e-22, 1.76898509e-22, 1.42523586e-22],\n",
       "        [1.85936344e-21, 1.70190999e-21, 1.53485625e-21, 1.39030382e-21,\n",
       "         1.24286958e-21, 1.10176272e-21, 9.58735817e-22, 8.35626741e-22,\n",
       "         7.31419160e-22, 6.35122984e-22, 5.54403579e-22, 4.95166794e-22,\n",
       "         4.82838485e-22, 1.59367192e-21, 1.81545338e-20, 8.15168166e-22,\n",
       "         2.01564868e-22, 1.51825895e-22, 1.20813212e-22],\n",
       "        [1.54058397e-21, 1.40804276e-21, 1.26607740e-21, 1.14472283e-21,\n",
       "         1.02301426e-21, 9.03744320e-22, 7.81706004e-22, 6.77326280e-22,\n",
       "         5.87600577e-22, 5.08418226e-22, 4.40355587e-22, 3.82640698e-22,\n",
       "         3.34973913e-22, 3.08534707e-22, 8.15168166e-22, 1.03316996e-20,\n",
       "         4.29364410e-22, 1.33043010e-22, 1.03235147e-22],\n",
       "        [1.28185064e-21, 1.16805881e-21, 1.04859085e-21, 9.46903920e-22,\n",
       "         8.43312308e-22, 7.44364647e-22, 6.43510157e-22, 5.55641288e-22,\n",
       "         4.80892529e-22, 4.13208022e-22, 3.54307645e-22, 3.04030206e-22,\n",
       "         2.59568828e-22, 2.24027004e-22, 2.01564868e-22, 4.29364410e-22,\n",
       "         5.01536805e-21, 2.26651615e-22, 8.99074587e-23],\n",
       "        [1.06707274e-21, 9.70932611e-22, 8.70108641e-22, 7.83996996e-22,\n",
       "         6.96982794e-22, 6.13390821e-22, 5.28767376e-22, 4.55774132e-22,\n",
       "         3.92697676e-22, 3.34960399e-22, 2.84629116e-22, 2.42659481e-22,\n",
       "         2.06934801e-22, 1.76898509e-22, 1.51825895e-22, 1.33043010e-22,\n",
       "         2.26651615e-22, 2.70821399e-21, 1.31877294e-22],\n",
       "        [8.89413466e-22, 8.07275553e-22, 7.20513830e-22, 6.46614325e-22,\n",
       "         5.72729447e-22, 5.01898298e-22, 4.30044912e-22, 3.68486573e-22,\n",
       "         3.16858899e-22, 2.71107137e-22, 2.31290345e-22, 1.97413843e-22,\n",
       "         1.67726003e-22, 1.42523586e-22, 1.20813212e-22, 1.03235147e-22,\n",
       "         8.99074587e-23, 1.31877294e-22, 1.45306580e-21]]),\n",
       " 'pcl_b': array([1.13967207e-08, 1.11465011e-08, 1.07256190e-08, 1.02136711e-08,\n",
       "        9.57381012e-09, 8.83261333e-09, 7.94872489e-09, 7.08393921e-09,\n",
       "        6.27078843e-09, 5.47848782e-09, 4.74758623e-09, 4.09768543e-09,\n",
       "        3.50474782e-09, 2.97906783e-09, 2.50346937e-09, 2.08570618e-09,\n",
       "        1.72110778e-09, 1.41096233e-09, 1.16109500e-09])}"
      ]
     },
     "execution_count": 22,
     "metadata": {},
     "output_type": "execute_result"
    }
   ],
   "source": [
    "cl0"
   ]
  },
  {
   "cell_type": "code",
   "execution_count": 23,
   "metadata": {},
   "outputs": [],
   "source": [
    "do_xi=True\n",
    "bin_xi=True\n",
    "do_cov=False\n",
    "bin_cl=True\n",
    "th_min=2.5/60\n",
    "th_max=250./60\n",
    "n_th_bins=20\n",
    "th_bins=np.logspace(np.log10(th_min),np.log10(th_max),n_th_bins+1)\n",
    "th=np.logspace(np.log10(th_min),np.log10(th_max),n_th_bins*40)\n",
    "thb=np.sqrt(th_bins[1:]*th_bins[:-1])"
   ]
  },
  {
   "cell_type": "code",
   "execution_count": 24,
   "metadata": {},
   "outputs": [],
   "source": [
    "# import wigner_transform \n",
    "# reload(wigner_transform)\n",
    "# from wigner_transform import *\n",
    "\n",
    "import binning\n",
    "reload(binning)\n",
    "from binning import *"
   ]
  },
  {
   "cell_type": "code",
   "execution_count": 25,
   "metadata": {},
   "outputs": [
    {
     "data": {
      "text/plain": [
       "array([0.04166667, 0.04190751, 0.04214975, 0.04239339, 0.04263844,\n",
       "       0.0428849 , 0.04313279, 0.04338211, 0.04363287, 0.04388508,\n",
       "       0.04413875, 0.04439389, 0.0446505 , 0.04490859, 0.04516818,\n",
       "       0.04542926, 0.04569186, 0.04595597, 0.04622161, 0.04648879,\n",
       "       0.04675751, 0.04702778, 0.04729961, 0.04757302, 0.04784801,\n",
       "       0.04812458, 0.04840276, 0.04868254, 0.04896394, 0.04924697,\n",
       "       0.04953163, 0.04981794, 0.0501059 , 0.05039553, 0.05068683,\n",
       "       0.05097982, 0.0512745 , 0.05157088, 0.05186897, 0.05216879,\n",
       "       0.05247034, 0.05277364, 0.05307869, 0.0533855 , 0.05369408,\n",
       "       0.05400445, 0.05431661, 0.05463058, 0.05494636, 0.05526397,\n",
       "       0.05558341, 0.0559047 , 0.05622785, 0.05655286, 0.05687976,\n",
       "       0.05720854, 0.05753922, 0.05787182, 0.05820633, 0.05854278,\n",
       "       0.05888118, 0.05922153, 0.05956385, 0.05990815, 0.06025443,\n",
       "       0.06060272, 0.06095303, 0.06130535, 0.06165972, 0.06201613,\n",
       "       0.0623746 , 0.06273515, 0.06309777, 0.0634625 , 0.06382933,\n",
       "       0.06419829, 0.06456937, 0.0649426 , 0.06531799, 0.06569555,\n",
       "       0.06607529, 0.06645722, 0.06684137, 0.06722773, 0.06761633,\n",
       "       0.06800717, 0.06840027, 0.06879565, 0.06919331, 0.06959327,\n",
       "       0.06999554, 0.07040013, 0.07080707, 0.07121636, 0.07162801,\n",
       "       0.07204204, 0.07245847, 0.0728773 , 0.07329855, 0.07372224,\n",
       "       0.07414838, 0.07457698, 0.07500806, 0.07544163, 0.0758777 ,\n",
       "       0.0763163 , 0.07675743, 0.07720111, 0.07764736, 0.07809618,\n",
       "       0.0785476 , 0.07900163, 0.07945829, 0.07991758, 0.08037953,\n",
       "       0.08084415, 0.08131145, 0.08178146, 0.08225418, 0.08272963,\n",
       "       0.08320784, 0.0836888 , 0.08417255, 0.08465909, 0.08514845,\n",
       "       0.08564063, 0.08613566, 0.08663355, 0.08713432, 0.08763799,\n",
       "       0.08814456, 0.08865406, 0.08916651, 0.08968192, 0.09020031,\n",
       "       0.0907217 , 0.0912461 , 0.09177353, 0.09230401, 0.09283755,\n",
       "       0.09337418, 0.09391391, 0.09445676, 0.09500275, 0.0955519 ,\n",
       "       0.09610422, 0.09665973, 0.09721845, 0.09778041, 0.09834561,\n",
       "       0.09891408, 0.09948583, 0.10006089, 0.10063927, 0.101221  ,\n",
       "       0.10180609, 0.10239456, 0.10298643, 0.10358172, 0.10418046,\n",
       "       0.10478265, 0.10538833, 0.1059975 , 0.1066102 , 0.10722644,\n",
       "       0.10784625, 0.10846963, 0.10909662, 0.10972723, 0.11036149,\n",
       "       0.11099941, 0.11164102, 0.11228634, 0.11293539, 0.11358819,\n",
       "       0.11424477, 0.11490514, 0.11556932, 0.11623735, 0.11690924,\n",
       "       0.11758501, 0.11826469, 0.11894829, 0.11963585, 0.12032738,\n",
       "       0.12102291, 0.12172246, 0.12242606, 0.12313372, 0.12384547,\n",
       "       0.12456133, 0.12528134, 0.1260055 , 0.12673385, 0.12746641,\n",
       "       0.12820321, 0.12894426, 0.1296896 , 0.13043925, 0.13119323,\n",
       "       0.13195156, 0.13271428, 0.13348141, 0.13425298, 0.135029  ,\n",
       "       0.13580951, 0.13659453, 0.13738409, 0.13817821, 0.13897693,\n",
       "       0.13978026, 0.14058823, 0.14140087, 0.14221821, 0.14304028,\n",
       "       0.14386709, 0.14469869, 0.14553509, 0.14637633, 0.14722243,\n",
       "       0.14807342, 0.14892933, 0.14979019, 0.15065603, 0.15152686,\n",
       "       0.15240274, 0.15328367, 0.1541697 , 0.15506085, 0.15595715,\n",
       "       0.15685863, 0.15776532, 0.15867725, 0.15959445, 0.16051696,\n",
       "       0.1614448 , 0.162378  , 0.16331659, 0.16426061, 0.16521009,\n",
       "       0.16616506, 0.16712554, 0.16809158, 0.1690632 , 0.17004044,\n",
       "       0.17102332, 0.17201189, 0.17300617, 0.1740062 , 0.17501201,\n",
       "       0.17602364, 0.17704111, 0.17806446, 0.17909373, 0.18012894,\n",
       "       0.18117014, 0.18221736, 0.18327064, 0.18433   , 0.18539548,\n",
       "       0.18646713, 0.18754496, 0.18862903, 0.18971936, 0.190816  ,\n",
       "       0.19191898, 0.19302833, 0.19414409, 0.1952663 , 0.196395  ,\n",
       "       0.19753023, 0.19867201, 0.1998204 , 0.20097542, 0.20213712,\n",
       "       0.20330554, 0.20448071, 0.20566267, 0.20685146, 0.20804713,\n",
       "       0.2092497 , 0.21045923, 0.21167575, 0.2128993 , 0.21412993,\n",
       "       0.21536766, 0.21661256, 0.21786464, 0.21912397, 0.22039057,\n",
       "       0.2216645 , 0.22294579, 0.22423448, 0.22553063, 0.22683426,\n",
       "       0.22814544, 0.22946419, 0.23079056, 0.2321246 , 0.23346635,\n",
       "       0.23481586, 0.23617317, 0.23753832, 0.23891137, 0.24029235,\n",
       "       0.24168132, 0.24307831, 0.24448338, 0.24589657, 0.24731792,\n",
       "       0.2487475 , 0.25018534, 0.25163148, 0.25308599, 0.25454891,\n",
       "       0.25602028, 0.25750015, 0.25898859, 0.26048562, 0.26199131,\n",
       "       0.2635057 , 0.26502884, 0.26656079, 0.26810159, 0.2696513 ,\n",
       "       0.27120997, 0.27277765, 0.27435439, 0.27594024, 0.27753526,\n",
       "       0.2791395 , 0.28075301, 0.28237585, 0.28400807, 0.28564973,\n",
       "       0.28730087, 0.28896156, 0.29063185, 0.29231179, 0.29400144,\n",
       "       0.29570086, 0.2974101 , 0.29912923, 0.30085828, 0.30259734,\n",
       "       0.30434644, 0.30610566, 0.30787505, 0.30965466, 0.31144456,\n",
       "       0.31324481, 0.31505546, 0.31687657, 0.31870822, 0.32055045,\n",
       "       0.32240333, 0.32426692, 0.32614129, 0.32802648, 0.32992258,\n",
       "       0.33182963, 0.33374771, 0.33567688, 0.33761719, 0.33956872,\n",
       "       0.34153154, 0.34350569, 0.34549126, 0.34748831, 0.3494969 ,\n",
       "       0.3515171 , 0.35354898, 0.3555926 , 0.35764803, 0.35971535,\n",
       "       0.36179462, 0.3638859 , 0.36598927, 0.36810481, 0.37023256,\n",
       "       0.37237262, 0.37452505, 0.37668992, 0.37886731, 0.38105728,\n",
       "       0.38325991, 0.38547527, 0.38770343, 0.38994448, 0.39219848,\n",
       "       0.39446551, 0.39674564, 0.39903895, 0.40134552, 0.40366542,\n",
       "       0.40599873, 0.40834553, 0.41070589, 0.4130799 , 0.41546763,\n",
       "       0.41786916, 0.42028458, 0.42271395, 0.42515737, 0.42761491,\n",
       "       0.43008666, 0.43257269, 0.43507309, 0.43758795, 0.44011734,\n",
       "       0.44266136, 0.44522008, 0.44779359, 0.45038197, 0.45298532,\n",
       "       0.45560371, 0.45823725, 0.460886  , 0.46355006, 0.46622952,\n",
       "       0.46892448, 0.471635  , 0.4743612 , 0.47710315, 0.47986096,\n",
       "       0.4826347 , 0.48542448, 0.48823038, 0.49105251, 0.49389094,\n",
       "       0.49674578, 0.49961713, 0.50250507, 0.5054097 , 0.50833113,\n",
       "       0.51126944, 0.51422474, 0.51719711, 0.52018667, 0.52319351,\n",
       "       0.52621773, 0.52925943, 0.53231872, 0.53539568, 0.53849044,\n",
       "       0.54160308, 0.54473371, 0.54788244, 0.55104937, 0.55423461,\n",
       "       0.55743825, 0.56066042, 0.56390121, 0.56716073, 0.5704391 ,\n",
       "       0.57373641, 0.57705279, 0.58038833, 0.58374315, 0.58711737,\n",
       "       0.59051109, 0.59392443, 0.59735749, 0.6008104 , 0.60428327,\n",
       "       0.60777622, 0.61128935, 0.61482279, 0.61837666, 0.62195107,\n",
       "       0.62554614, 0.62916199, 0.63279874, 0.63645651, 0.64013543,\n",
       "       0.64383561, 0.64755718, 0.65130026, 0.65506497, 0.65885145,\n",
       "       0.66265982, 0.66649019, 0.67034271, 0.6742175 , 0.67811469,\n",
       "       0.6820344 , 0.68597677, 0.68994193, 0.69393001, 0.69794114,\n",
       "       0.70197545, 0.70603309, 0.71011418, 0.71421886, 0.71834726,\n",
       "       0.72249953, 0.7266758 , 0.73087621, 0.7351009 , 0.73935001,\n",
       "       0.74362368, 0.74792206, 0.75224528, 0.75659349, 0.76096684,\n",
       "       0.76536546, 0.76978951, 0.77423913, 0.77871447, 0.78321568,\n",
       "       0.78774291, 0.79229631, 0.79687603, 0.80148221, 0.80611503,\n",
       "       0.81077462, 0.81546115, 0.82017477, 0.82491563, 0.8296839 ,\n",
       "       0.83447973, 0.83930328, 0.84415471, 0.84903419, 0.85394187,\n",
       "       0.85887792, 0.8638425 , 0.86883577, 0.87385791, 0.87890908,\n",
       "       0.88398945, 0.88909918, 0.89423845, 0.89940742, 0.90460628,\n",
       "       0.90983518, 0.91509431, 0.92038384, 0.92570394, 0.9310548 ,\n",
       "       0.93643658, 0.94184947, 0.94729365, 0.9527693 , 0.95827661,\n",
       "       0.96381574, 0.96938689, 0.97499025, 0.980626  , 0.98629432,\n",
       "       0.9919954 , 0.99772944, 1.00349663, 1.00929715, 1.0151312 ,\n",
       "       1.02099897, 1.02690066, 1.03283646, 1.03880658, 1.0448112 ,\n",
       "       1.05085053, 1.05692477, 1.06303413, 1.06917879, 1.07535898,\n",
       "       1.08157488, 1.08782672, 1.09411469, 1.10043902, 1.10679989,\n",
       "       1.11319754, 1.11963217, 1.12610399, 1.13261321, 1.13916007,\n",
       "       1.14574477, 1.15236753, 1.15902857, 1.16572811, 1.17246638,\n",
       "       1.1792436 , 1.18605999, 1.19291578, 1.1998112 , 1.20674648,\n",
       "       1.21372185, 1.22073754, 1.22779378, 1.23489081, 1.24202886,\n",
       "       1.24920817, 1.25642898, 1.26369153, 1.27099606, 1.27834281,\n",
       "       1.28573202, 1.29316395, 1.30063884, 1.30815693, 1.31571848,\n",
       "       1.32332374, 1.33097296, 1.3386664 , 1.34640431, 1.35418694,\n",
       "       1.36201456, 1.36988742, 1.3778058 , 1.38576994, 1.39378012,\n",
       "       1.4018366 , 1.40993965, 1.41808953, 1.42628653, 1.43453091,\n",
       "       1.44282294, 1.4511629 , 1.45955107, 1.46798773, 1.47647315,\n",
       "       1.48500762, 1.49359143, 1.50222485, 1.51090817, 1.51964169,\n",
       "       1.52842569, 1.53726046, 1.5461463 , 1.5550835 , 1.56407237,\n",
       "       1.57311319, 1.58220627, 1.59135191, 1.60055042, 1.60980209,\n",
       "       1.61910725, 1.62846619, 1.63787923, 1.64734667, 1.65686885,\n",
       "       1.66644606, 1.67607864, 1.68576689, 1.69551114, 1.70531172,\n",
       "       1.71516895, 1.72508316, 1.73505467, 1.74508382, 1.75517095,\n",
       "       1.76531638, 1.77552045, 1.78578351, 1.79610589, 1.80648794,\n",
       "       1.81693   , 1.82743241, 1.83799554, 1.84861972, 1.85930531,\n",
       "       1.87005267, 1.88086216, 1.89173412, 1.90266893, 1.91366694,\n",
       "       1.92472853, 1.93585406, 1.94704389, 1.95829841, 1.96961798,\n",
       "       1.98100298, 1.99245379, 2.00397079, 2.01555436, 2.02720489,\n",
       "       2.03892276, 2.05070836, 2.06256209, 2.07448434, 2.0864755 ,\n",
       "       2.09853597, 2.11066616, 2.12286646, 2.13513729, 2.14747904,\n",
       "       2.15989213, 2.17237698, 2.18493399, 2.19756358, 2.21026618,\n",
       "       2.2230422 , 2.23589207, 2.24881622, 2.26181507, 2.27488906,\n",
       "       2.28803862, 2.3012642 , 2.31456621, 2.32794512, 2.34140136,\n",
       "       2.35493539, 2.36854764, 2.38223858, 2.39600866, 2.40985833,\n",
       "       2.42378805, 2.4377983 , 2.45188953, 2.46606221, 2.48031681,\n",
       "       2.49465381, 2.50907368, 2.5235769 , 2.53816395, 2.55283533,\n",
       "       2.5675915 , 2.58243298, 2.59736024, 2.61237378, 2.62747411,\n",
       "       2.64266172, 2.65793712, 2.67330082, 2.68875333, 2.70429515,\n",
       "       2.71992682, 2.73564883, 2.75146173, 2.76736603, 2.78336226,\n",
       "       2.79945096, 2.81563265, 2.83190788, 2.84827718, 2.8647411 ,\n",
       "       2.88130019, 2.897955  , 2.91470607, 2.93155397, 2.94849926,\n",
       "       2.9655425 , 2.98268425, 2.99992509, 3.01726559, 3.03470631,\n",
       "       3.05224785, 3.06989079, 3.08763571, 3.1054832 , 3.12343385,\n",
       "       3.14148826, 3.15964704, 3.17791077, 3.19628008, 3.21475557,\n",
       "       3.23333785, 3.25202754, 3.27082527, 3.28973165, 3.30874731,\n",
       "       3.3278729 , 3.34710903, 3.36645636, 3.38591552, 3.40548715,\n",
       "       3.42517192, 3.44497048, 3.46488347, 3.48491157, 3.50505543,\n",
       "       3.52531574, 3.54569315, 3.56618836, 3.58680203, 3.60753485,\n",
       "       3.62838752, 3.64936072, 3.67045515, 3.69167152, 3.71301052,\n",
       "       3.73447287, 3.75605928, 3.77777046, 3.79960715, 3.82157005,\n",
       "       3.84365991, 3.86587745, 3.88822342, 3.91069855, 3.9333036 ,\n",
       "       3.95603931, 3.97890644, 4.00190575, 4.025038  , 4.04830396,\n",
       "       4.07170441, 4.09524012, 4.11891188, 4.14272046, 4.16666667])"
      ]
     },
     "execution_count": 25,
     "metadata": {},
     "output_type": "execute_result"
    }
   ],
   "source": [
    "th"
   ]
  },
  {
   "cell_type": "code",
   "execution_count": 26,
   "metadata": {},
   "outputs": [],
   "source": [
    "#Hankel Transform setup\n",
    "WT_kwargs={'l':l0,'theta':th,'s1_s2':[(2,2),(2,-2),(0,0)]}\n",
    "WT=wigner_transform(**WT_kwargs)"
   ]
  },
  {
   "cell_type": "code",
   "execution_count": 27,
   "metadata": {},
   "outputs": [
    {
     "data": {
      "text/plain": [
       "dict_keys([(2, 2), (2, -2), (0, 0)])"
      ]
     },
     "execution_count": 27,
     "metadata": {},
     "output_type": "execute_result"
    }
   ],
   "source": [
    "WT.wig_d.keys()"
   ]
  },
  {
   "cell_type": "code",
   "execution_count": 28,
   "metadata": {},
   "outputs": [],
   "source": [
    "import skylens\n",
    "reload(skylens)\n",
    "from skylens import *"
   ]
  },
  {
   "cell_type": "code",
   "execution_count": 29,
   "metadata": {},
   "outputs": [],
   "source": [
    "use_binned_theta=True"
   ]
  },
  {
   "cell_type": "code",
   "execution_count": 30,
   "metadata": {},
   "outputs": [
    {
     "name": "stdout",
     "output_type": "stream",
     "text": [
      "indxs:  None None\n",
      "Win gen: step size 199\n",
      "Warning: window for xi is different from cl. Only one of xi or cl is supported. Hence cl window will be wrong.\n",
      "wigner_files: {0: '/Users/Deep/dask_temp/dask_wig3j_l3500_w2100_0_reorder.zarr', 2: '/Users/Deep/dask_temp/dask_wig3j_l3500_w2100_2_reorder.zarr'}\n",
      "wigner done dict_keys([0, 2])\n",
      "setting windows <Client: 'inproc://192.168.86.48/62831/1' processes=1 threads=14, memory=25.00 GB>\n",
      "got window cls, now to coupling matrices.\n"
     ]
    },
    {
     "name": "stderr",
     "output_type": "stream",
     "text": [
      "./cov_utils.py:58: RuntimeWarning: invalid value encountered in true_divide\n",
      "  Win0=2*jn(1,l_th)/l_th\n"
     ]
    },
    {
     "name": "stdout",
     "output_type": "stream",
     "text": [
      "done coupling submatrix  0 4.413454055786133 3.352447986602783 1.0610051155090332\n",
      "Window done\n"
     ]
    }
   ],
   "source": [
    "kappa_xi0=Skylens(zs_bins=zs_bin1,do_cov=do_cov,bin_cl=bin_cl,l_bins=l_bins,l=l0, zg_bins=None,\n",
    "                                       use_window=use_window,Tri_cov=Tri_cov,\n",
    "                                       wigner_files=wigner_files,\n",
    "                                       SSV_cov=SSV_cov,tidal_SSV_cov=tidal_SSV_cov,f_sky=0.35,\n",
    "                                       store_win=store_win,window_lmax=window_lmax,\n",
    "                                      do_xi=do_xi,bin_xi=bin_xi,theta_bins=th_bins,WT=WT,\n",
    "                                      use_binned_l=False,use_binned_theta=False,\n",
    "                                      nz_PS=10\n",
    "                                       )"
   ]
  },
  {
   "cell_type": "code",
   "execution_count": 31,
   "metadata": {},
   "outputs": [
    {
     "name": "stdout",
     "output_type": "stream",
     "text": [
      "cl dict done dict_keys([('shear', 'shear')])\n",
      "CPU times: user 14.5 s, sys: 3.85 s, total: 18.4 s\n",
      "Wall time: 14.2 s\n",
      "CPU times: user 73.6 ms, sys: 158 ms, total: 232 ms\n",
      "Wall time: 28.8 ms\n"
     ]
    },
    {
     "name": "stderr",
     "output_type": "stream",
     "text": [
      "./skylens.py:621: RuntimeWarning: invalid value encountered in true_divide\n",
      "  xi_b/=(Win['cl'][corr][indxs]['xi_b'])\n"
     ]
    }
   ],
   "source": [
    "%time xiHG0=kappa_xi0.xi_tomo()\n",
    "%time xiH0=xiHG0['stack'].compute()"
   ]
  },
  {
   "cell_type": "code",
   "execution_count": 32,
   "metadata": {
    "scrolled": false
   },
   "outputs": [
    {
     "name": "stdout",
     "output_type": "stream",
     "text": [
      "indxs:  None None\n",
      "Win gen: step size 199\n",
      "Window done\n",
      "indxs:  None None\n",
      "Win gen: step size 20\n",
      "Window done\n",
      "indxs:  None None\n",
      "Win gen: step size 199\n",
      "Window done\n",
      "cl dict done dict_keys([('shear', 'shear')])\n",
      "cl dict done dict_keys([('shear', 'shear')])\n",
      "cl dict done dict_keys([('shear', 'shear')])\n",
      "cl dict done dict_keys([('shear', 'shear')])\n",
      "indxs:  None None\n",
      "Win gen: step size 199\n",
      "Warning: window for xi is different from cl. Only one of xi or cl is supported. Hence cl window will be wrong.\n",
      "wigner_files: {0: '/Users/Deep/dask_temp/dask_wig3j_l3500_w2100_0_reorder.zarr', 2: '/Users/Deep/dask_temp/dask_wig3j_l3500_w2100_2_reorder.zarr'}\n",
      "wigner done dict_keys([0, 2])\n",
      "setting windows <Client: 'inproc://192.168.86.48/62831/1' processes=1 threads=14, memory=25.00 GB>\n",
      "got window cls, now to coupling matrices.\n",
      "done coupling submatrix  0 8.99803376197815 6.988756895065308 2.009276866912842\n",
      "Window done\n"
     ]
    }
   ],
   "source": [
    "kappa_xib=Skylens(zs_bins=zs_bin1,do_cov=do_cov,bin_cl=bin_cl,l_bins=l_bins,l=l0, zg_bins=None,\n",
    "                                       use_window=use_window,Tri_cov=Tri_cov,\n",
    "                                       wigner_files=wigner_files,\n",
    "                                       SSV_cov=SSV_cov,tidal_SSV_cov=tidal_SSV_cov,f_sky=0.35,\n",
    "                                       store_win=store_win,window_lmax=window_lmax,\n",
    "                                      do_xi=do_xi,bin_xi=bin_xi,theta_bins=th_bins,WT=WT,\n",
    "                                      use_binned_l=use_binned_l,use_binned_theta=use_binned_theta\n",
    "                                       )"
   ]
  },
  {
   "cell_type": "code",
   "execution_count": 33,
   "metadata": {},
   "outputs": [
    {
     "name": "stdout",
     "output_type": "stream",
     "text": [
      "cl dict done dict_keys([('shear', 'shear')])\n",
      "CPU times: user 15.9 s, sys: 4.41 s, total: 20.4 s\n",
      "Wall time: 14.5 s\n"
     ]
    }
   ],
   "source": [
    "%time xiHG_b=kappa_xib.xi_tomo()"
   ]
  },
  {
   "cell_type": "code",
   "execution_count": 34,
   "metadata": {},
   "outputs": [
    {
     "name": "stderr",
     "output_type": "stream",
     "text": [
      "distributed.worker - WARNING -  Compute Failed\n",
      "Function:  execute_task\n",
      "args:      ((<function apply at 0x7fde584d1488>, <bound method Skylens.calc_pseudo_cl of <skylens.Skylens object at 0x7fde9cc1d518>>, [array([4.16571123e-08, 4.02722568e-08, 3.78223549e-08, 3.61041913e-08,\n",
      "       3.35508909e-08, 3.03437939e-08, 2.74516418e-08, 2.43063367e-08,\n",
      "       2.11671610e-08, 1.86123163e-08, 1.59143280e-08, 1.38162387e-08,\n",
      "       1.17812398e-08, 9.91836778e-09, 8.37076483e-09, 6.91742353e-09,\n",
      "       5.69940240e-09, 4.67065852e-09, 3.87162218e-09])], (<class 'dict'>, [['Win', (<class 'dict'>, [['cl', (<class 'dict'>, [[(<class 'tuple'>, ['shear', 'shear']), (<class 'dict'>, [[(<class 'tuple'>, [0, 0]), (<class 'dict'>, [['corr', (<class 'tuple'>, ['shear', 'shear'])], ['indxs', (<class 'tuple'>, [0, 0])], [12, (<class 'dict'>, [['cl', array([1.13097287e+00, 5.54329750e-01, 8.88037068e-02, 1.36479845e-03,\n",
      "       1.95087831e-02, 4.24034878e-03, 1.53186546e-03, 4.39959796e-03,\n",
      "       3.34537152e-04, 1.15591867e-03, 1.35405103e-03, 2.49246768e-06,\n",
      "       7.92275498e-04, 4.172080\n",
      "kwargs:    {}\n",
      "Exception: ValueError('shapes (19,) and (198,198) not aligned: 19 (dim 0) != 198 (dim 0)',)\n",
      "\n"
     ]
    },
    {
     "ename": "ValueError",
     "evalue": "shapes (19,) and (198,198) not aligned: 19 (dim 0) != 198 (dim 0)",
     "output_type": "error",
     "traceback": [
      "\u001b[0;31m---------------------------------------------------------------------------\u001b[0m",
      "\u001b[0;31mValueError\u001b[0m                                Traceback (most recent call last)",
      "\u001b[0;32m<timed exec>\u001b[0m in \u001b[0;36m<module>\u001b[0;34m\u001b[0m\n",
